[ 0.23214462  0.24200131  0.33583796  0.1841004   0.07378832  0.05128935
  0.0767679   0.02771251  0.0369876   0.05962396  0.09435989  0.05317183
  0.06005293  0.09340762  0.11546868  0.06527998  0.05524299  0.03733836
  0.05333944  0.03827302  0.01342592  0.01322229  0.03358218  0.01220662
  0.00315193  0.01111927  0.02188355  0.01408989  0.0131591   0.02966784
  0.02267229  0.01236309  0.00681031  0.00886561  0.00703415  0.00750163
  0.00996289  0.0048518   0.01992023  0.002164    0.00702517  0.01313045
  0.02204685  0.01418437  0.01082653  0.02332803  0.03741358  0.02240462
  0.01555225  0.00937758  0.01483552  0.01355426  0.02662946  0.01251668
  0.015659    0.00817554  0.01872293  0.02397933  0.03378988  0.01619279
  0.02309362  0.02974592  0.04249247  0.01975552  0.02154574  0.01108088
  0.02139749  0.0119055   0.02094644  0.01678855  0.00912246  0.00452411
  0.00579148  0.00732881  0.01496674  0.00873855  0.01513184  0.00964933
  0.01564116  0.01218832  0.01000418  0.01072246  0.01210861  0.00603782]
[ 0.22750495  0.24760225  0.33628297  0.18245068  0.07214336  0.04942252
  0.07218719  0.03100086  0.03828305  0.06280795  0.09296408  0.05513137
  0.0576156   0.09744547  0.1199699   0.05957096  0.05293093  0.03707153
  0.0559391   0.03679739  0.01281972  0.0119998   0.03146877  0.01476462
  0.00335219  0.01057874  0.01966272  0.01515423  0.01066757  0.02988479
  0.02239564  0.00961256  0.00746509  0.00877977  0.00911166  0.00817266
  0.01108022  0.00422132  0.02042649  0.00239647  0.00722372  0.01438087
  0.02153506  0.0162247   0.01039385  0.02302439  0.03711935  0.02182362
  0.01546972  0.01036618  0.01558768  0.01379559  0.02535217  0.0123781
  0.01352911  0.00899058  0.01881323  0.02642737  0.03481874  0.01635545
  0.02242005  0.03111967  0.04654335  0.01897239  0.01971947  0.01008204
  0.02057138  0.01023644  0.01981878  0.01690946  0.00798926  0.00386698
  0.00653006  0.00750678  0.01496507  0.00729181  0.01549662  0.01177672
  0.01649555  0.01036153  0.00872102  0.01045731  0.01279075  0.00521989]
[ 0.22857584  0.24693997  0.34052083  0.17806256  0.07290743  0.05294237
  0.07751114  0.02323356  0.03647812  0.06121294  0.10022517  0.05153123
  0.05981144  0.09480761  0.11724804  0.06722914  0.05382018  0.03824367
  0.04949308  0.03656078  0.01331052  0.01376828  0.03399855  0.0104794
  0.00297853  0.01145104  0.02377154  0.01322701  0.01332375  0.02997477
  0.02315709  0.01245563  0.00571694  0.00844568  0.00522199  0.00639868
  0.00996682  0.00506547  0.01976702  0.00170548  0.00649438  0.01362315
  0.02404327  0.01377384  0.0112342   0.02570284  0.03960516  0.0234961
  0.01554769  0.00902642  0.01374774  0.01323018  0.02680124  0.01343875
  0.01593668  0.00673226  0.01920621  0.0238141   0.03548771  0.01564544
  0.02378049  0.03010078  0.04253022  0.02057697  0.02208542  0.01227467
  0.02126803  0.0120682   0.02036632  0.01670328  0.00934699  0.00382475
  0.00561908  0.00777382  0.01533636  0.00908438  0.01391676  0.0084113
  0.01458072  0.01238223  0.00918078  0.01107659  0.01124298  0.00539184]
[ 0.23836146  0.23321646  0.32642961  0.1959926   0.07521206  0.04751964
  0.07424366  0.03753442  0.03830908  0.05710382  0.08214298  0.05693687
  0.06000296  0.0914604   0.11285399  0.06005744  0.05761906  0.03544128
  0.06172444  0.04142209  0.01352585  0.01184286  0.03226844  0.01628014
  0.00354834  0.01032592  0.01755837  0.01607758  0.01227259  0.0290928
  0.02162674  0.01156556  0.00917517  0.00969912  0.01117363  0.00988954
  0.01020258  0.00427828  0.02034349  0.00314641  0.00814678  0.01240735
  0.01788034  0.01547006  0.00990298  0.01843946  0.03289908  0.02005997
  0.0155432   0.01030961  0.01721062  0.01426569  0.02599759  0.01061399
  0.01462317  0.01128629  0.0177618   0.02485739  0.03057104  0.01734006
  0.02154985  0.02932998  0.04331373  0.01791424  0.02004529  0.00843588
  0.0214772   0.01120522  0.02187423  0.01698847  0.00841544  0.00579827
  0.00630519  0.00646483  0.01421598  0.00771578  0.01767952  0.01263427
  0.01798341  0.01138975  0.0113914   0.00994477  0.01401718  0.00716797]
[ 0.22979517  0.24511777  0.33799261  0.18114533  0.07312619  0.05171699
  0.07634475  0.02626263  0.03697424  0.06085398  0.09673727  0.05276495
  0.05954466  0.09469409  0.117       0.06520724  0.05423025  0.03769686
  0.05205745  0.03726923  0.01327491  0.01326388  0.0334196   0.01185969
  0.0031078   0.01117782  0.0223574   0.01388144  0.01282244  0.02983995
  0.02284227  0.01195177  0.00643204  0.00866484  0.00657042  0.00712177
  0.01014843  0.00484306  0.01993541  0.00199844  0.00682191  0.01355513
  0.02285003  0.01433752  0.01093655  0.02433364  0.03833929  0.02279419
  0.01553665  0.00938412  0.01447575  0.01344991  0.0264957   0.01290372
  0.01543207  0.0076681   0.01895259  0.02430858  0.03471377  0.01597626
  0.02328812  0.03012962  0.0431756   0.01999182  0.0214852   0.01144719
  0.02120405  0.01170326  0.02050309  0.01677054  0.00903585  0.00410517
  0.00583635  0.00755588  0.01513075  0.00865428  0.01465177  0.009449
  0.01531036  0.01197401  0.00942712  0.01083625  0.01183607  0.00561615]
[ 0.25876519  0.20677577  0.31201425  0.21693531  0.08134275  0.04686334
  0.08214185  0.04318872  0.03693447  0.0455704   0.06836508  0.05735451
  0.06603368  0.07859951  0.0978895   0.0669653   0.06676606  0.03342718
  0.06707125  0.04956812  0.01518463  0.01295289  0.03570161  0.01563577
  0.00360746  0.01055741  0.0170029   0.01622339  0.01725629  0.02773672
  0.02084109  0.01732344  0.01087946  0.01109242  0.01182532  0.01158572
  0.00774445  0.00504572  0.01967457  0.00395338  0.00923548  0.00825486
  0.01327097  0.0121802   0.0096804   0.0122882   0.02725312  0.01819956
  0.015737    0.00915254  0.01868562  0.01466736  0.02830169  0.00827091
  0.01849049  0.0136439   0.01617691  0.01997061  0.02344477  0.01855487
  0.02105343  0.02530302  0.03433424  0.01727148  0.02249568  0.00719682
  0.02365791  0.01439334  0.02600878  0.01696844  0.01025259  0.00924465
  0.0051826   0.00479785  0.01315874  0.00989143  0.02036823  0.01152882
  0.01915606  0.01483377  0.01656474  0.00950904  0.01500789  0.0108133 ]
[ 0.24032843  0.23113504  0.32825869  0.19447513  0.07608812  0.04974702
  0.07816906  0.03288244  0.03705983  0.05535414  0.08596036  0.05464282
  0.0617955   0.08895557  0.11016338  0.0654252   0.05876455  0.03607065
  0.05790475  0.04177936  0.01394596  0.01305205  0.03411366  0.01347812
  0.00331123  0.01090258  0.02017162  0.01484467  0.01429629  0.02906593
  0.02206831  0.01375816  0.00815519  0.009571    0.00870763  0.0088524
  0.0093312   0.00487033  0.01987662  0.00275158  0.00774487  0.01165916
  0.01920837  0.01368468  0.01043063  0.01978072  0.03414781  0.02102141
  0.01560558  0.00937377  0.01611714  0.01392643  0.02707566  0.01115093
  0.01641679  0.0099784   0.01791588  0.02286741  0.03055623  0.0169585
  0.02239555  0.02842133  0.04016546  0.01890812  0.02172342  0.00977143
  0.02206264  0.01258525  0.02248583  0.01685434  0.00940542  0.00598672
  0.00564785  0.00653261  0.0143891   0.00900719  0.0168296   0.01039618
  0.01682274  0.01290756  0.01201144  0.01031661  0.01308169  0.00750691]
[ 0.26683706  0.19653311  0.30780867  0.22357541  0.08390068  0.04766921
  0.08673818  0.04300814  0.03587121  0.040711    0.06530796  0.0564339
  0.06898286  0.07292322  0.09138893  0.0718852   0.07050735  0.03301346
  0.06716996  0.05259165  0.01596189  0.01390472  0.03776417  0.01410635
  0.00351791  0.01090684  0.01802365  0.01570104  0.01994574  0.02724856
  0.02077091  0.02036301  0.01100281  0.01152154  0.01090682  0.01169825
  0.0064769   0.00559031  0.01922277  0.00405279  0.00943041  0.00645028
  0.01227192  0.01019574  0.00984777  0.01075446  0.02585357  0.01799422
  0.01583399  0.00831136  0.01869436  0.01465045  0.02961136  0.0076988
  0.02068133  0.01386249  0.01569267  0.01733083  0.02093824  0.01880349
  0.02127269  0.02346784  0.0297201   0.01750833  0.02413579  0.00738344
  0.02469515  0.01615355  0.02774354  0.01689902  0.0113575   0.01054117
  0.00448306  0.00424465  0.01286842  0.01125528  0.02091598  0.0101
  0.01902748  0.01674783  0.01866779  0.00952917  0.01492024  0.01224962]
[ 0.25144994  0.21673031  0.32045206  0.20583463  0.07943429  0.04942542
  0.08252405  0.03588246  0.03629295  0.04905752  0.07853158  0.05483363
  0.06510179  0.08192549  0.10198696  0.06926467  0.06375449  0.03498581
  0.06075076  0.04621278  0.01485422  0.01367449  0.03600888  0.01308366
  0.00333962  0.0110375   0.01991093  0.01490448  0.01703712  0.02832841
  0.02164823  0.01692246  0.00906546  0.01032631  0.00902295  0.009758
  0.00798134  0.00529682  0.01950566  0.00318399  0.0083303   0.00939026
  0.01672389  0.0118683   0.01031797  0.01645835  0.03109863  0.02002535
  0.0157119   0.00873008  0.01690162  0.01413941  0.02834507  0.00988581
  0.01854718  0.01123925  0.01705685  0.02017979  0.0266825   0.01761279
  0.02213906  0.02621813  0.03523497  0.01857443  0.02308181  0.00911901
  0.0232572   0.01433993  0.02474283  0.01684134  0.01041963  0.00786298
  0.00502729  0.00562759  0.01381717  0.01021014  0.01827764  0.00976
  0.01744182  0.01480351  0.0148332   0.01008563  0.01360543  0.00949369]
[ 0.2202372   0.25776196  0.34652323  0.16938157  0.07041176  0.05328965
  0.0743925   0.02074336  0.03700135  0.06590443  0.10603355  0.05127998
  0.0573886   0.10001996  0.12332068  0.0645683   0.05009106  0.03909522
  0.0471583   0.03321687  0.01264159  0.01335267  0.03264774  0.01064818
  0.00294599  0.01137556  0.02409059  0.01312438  0.01134026  0.03053256
  0.02349603  0.01015901  0.00497955  0.00786721  0.00486837  0.00566404
  0.01094952  0.00476971  0.02002651  0.00135937  0.00603195  0.01530819
  0.02598821  0.01506767  0.01134411  0.02828351  0.04197445  0.02429578
  0.01547     0.00947084  0.01310228  0.01305297  0.02588914  0.01442265
  0.01440521  0.00571576  0.01986452  0.02575882  0.0384233   0.01513176
  0.02401421  0.03172857  0.04612119  0.0208761   0.02113376  0.01283127
  0.02038976  0.0108023   0.01868395  0.0167069   0.00862423  0.00241132
  0.00605891  0.00846297  0.01577793  0.00823256  0.01277965  0.00878951
  0.01405752  0.01101565  0.00707072  0.01126894  0.01080251  0.00390163]
[ 0.23053625  0.24418813  0.33768049  0.18167368  0.07336759  0.05184364
  0.07683947  0.02612659  0.03685096  0.06039318  0.09657487  0.05262678
  0.05984327  0.09414387  0.11637449  0.06576701  0.05457981  0.0376778
  0.05196686  0.03753699  0.01335225  0.0133766   0.03364377  0.01165629
  0.00309399  0.01122264  0.02251242  0.01380482  0.01310483  0.02979752
  0.02284771  0.01226848  0.00641614  0.00869821  0.00642797  0.00710451
  0.01001748  0.00490497  0.01988468  0.0019967   0.00682815  0.01338146
  0.02279905  0.01412158  0.01096454  0.02423728  0.03825201  0.02280156
  0.01554656  0.00928794  0.01444815  0.01343967  0.02663562  0.01286873
  0.01566587  0.00765288  0.01891519  0.02403131  0.0344991   0.01598763
  0.02332879  0.02994917  0.0426995   0.02003783  0.02166893  0.01149776
  0.02130791  0.01188952  0.02066726  0.01676113  0.00915598  0.0042209
  0.0057595   0.00751035  0.01511042  0.00880436  0.01467656  0.00926882
  0.01526928  0.012177    0.00962299  0.01084761  0.01180432  0.00574773]
[ 0.22923496  0.24563061  0.3369211   0.1821824   0.07282793  0.05069082
  0.07468559  0.02847647  0.03752105  0.0614614   0.09476993  0.05381759
  0.05882697  0.09562386  0.11797976  0.06287424  0.05385891  0.03737675
  0.05388682  0.03724069  0.01311076  0.01273096  0.03263507  0.01312637
  0.00321686  0.01091876  0.02115699  0.01444586  0.01198211  0.02982984
  0.02262802  0.01104722  0.0069251   0.00874622  0.0077053   0.00762252
  0.01050512  0.00458583  0.0201372   0.00219172  0.00702307  0.01382772
  0.02216864  0.01509714  0.01069236  0.0236208   0.03767696  0.02232524
  0.01551141  0.00979164  0.01499854  0.01361118  0.02604226  0.01262033
  0.01467821  0.00830318  0.01885622  0.02513514  0.03460302  0.01617023
  0.02289442  0.03047743  0.04446268  0.01952815  0.02076063  0.01081794
  0.02097314  0.01112675  0.02029247  0.01683136  0.00861486  0.00407609
  0.00611749  0.0074975   0.0150344   0.00810147  0.01508354  0.01045101
  0.01585879  0.01133891  0.00922978  0.01065956  0.01227885  0.00552175]
[ 0.24388395  0.2257992   0.32073241  0.20363365  0.0767124   0.04606424
  0.07461647  0.04196384  0.03855995  0.05433796  0.07554353  0.05835204
  0.06095963  0.0886851   0.10949984  0.05930436  0.0599477   0.03443675
  0.06558983  0.04386566  0.01382967  0.01152848  0.03235299  0.01763411
  0.00369979  0.01007935  0.01592043  0.01681263  0.01276063  0.02866782
  0.02112553  0.01221055  0.01029707  0.01022263  0.01276064  0.01101837
  0.00989115  0.00419701  0.02038689  0.00362846  0.00872419  0.01147748
  0.0156441   0.01539863  0.00953644  0.01569559  0.03037077  0.01892008
  0.01557128  0.01045625  0.01829913  0.01458525  0.02614376  0.0095543
  0.01487736  0.01278075  0.01716165  0.02438199  0.02826729  0.01794703
  0.02091705  0.02853035  0.04215662  0.01715129  0.01990419  0.00728889
  0.02185814  0.01146976  0.02287446  0.01705679  0.00845925  0.00681128
  0.00630766  0.0058862   0.0137764   0.00770127  0.01902594  0.01352407
  0.01901131  0.01166046  0.01272395  0.00959598  0.01486044  0.00816158]
[ 0.22405875  0.25243494  0.34124321  0.17613876  0.07133153  0.05133061
  0.07333565  0.02596821  0.03763903  0.06425552  0.09932844  0.05322932
  0.05754729  0.09862515  0.12151824  0.06209328  0.05159289  0.03805786
  0.05163466  0.03508569  0.0127437   0.0126771   0.03207698  0.01272372
  0.00315169  0.01097458  0.02184892  0.01415122  0.01103666  0.03019532
  0.02293422  0.00992485  0.00624804  0.00833853  0.00701746  0.00694414
  0.01099764  0.00449818  0.02022376  0.00188935  0.00664215  0.01480929
  0.0237042   0.01562838  0.01086228  0.02558096  0.03947975  0.02303291
  0.01547127  0.00991486  0.01436903  0.01343118  0.02563459  0.01337235
  0.01399068  0.00738788  0.01932169  0.02606103  0.03654977  0.01575901
  0.02320499  0.03139149  0.04626904  0.01990937  0.02043692  0.01143291
  0.02049744  0.01053959  0.01928759  0.01680912  0.00831675  0.00317207
  0.00628882  0.00796761  0.01535944  0.00777302  0.01417227  0.01029103
  0.01529813  0.0107102   0.00794242  0.01085561  0.01181449  0.00459439]
[ 0.2574366   0.20906468  0.31685811  0.21128106  0.08128938  0.04968521
  0.08546627  0.03651518  0.0356691   0.04554755  0.07550514  0.0544952
  0.06711044  0.07790217  0.09734979  0.07222001  0.06649038  0.03455748
  0.06146347  0.04851839  0.0153923   0.01421785  0.03731523  0.01235352
  0.00330902  0.01121489  0.02027459  0.01470101  0.01880414  0.02795103
  0.02151988  0.01893524  0.00933165  0.01068329  0.00871477  0.01001858
  0.00713482  0.0056243   0.01922994  0.00332743  0.00854964  0.00810319
  0.01572147  0.01061308  0.0103611   0.01503548  0.02979613  0.01970477
  0.01577739  0.0082278   0.01709038  0.01418262  0.02919014  0.00934897
  0.01996246  0.01162783  0.01665243  0.01844601  0.02472433  0.01787075
  0.02216987  0.02493381  0.03214954  0.01859435  0.02408552  0.00904278
  0.02397114  0.01548718  0.02599802  0.01680935  0.01111919  0.00884578
  0.00458947  0.0051836   0.01356128  0.01106209  0.0188475   0.00901472
  0.01753436  0.01604818  0.01637507  0.01003951  0.01369251  0.0105608 ]
[ 0.24614288  0.2229812   0.31988892  0.20512556  0.07745777  0.04652705
  0.07623051  0.04137495  0.03814672  0.05291198  0.07522102  0.0578526
  0.06191042  0.08696555  0.10755136  0.06116825  0.06102202  0.03440628
  0.06516839  0.04466746  0.01407414  0.01190902  0.03308706  0.01692227
  0.00364957  0.01023456  0.01648234  0.01653728  0.01367314  0.02854197
  0.02115948  0.01323081  0.01020891  0.01031553  0.01224164  0.01092549
  0.0094707   0.00440308  0.02021877  0.00360732  0.00872623  0.01093643
  0.0155481   0.01469118  0.00964016  0.01546674  0.03016484  0.01898079
  0.01560295  0.01013545  0.01817358  0.01454136  0.02659894  0.00947321
  0.01563765  0.01268289  0.01705792  0.02348591  0.02763546  0.01796495
  0.02107097  0.02796286  0.0406289   0.01732695  0.02051254  0.00749183
  0.02218728  0.01207348  0.023382    0.01702367  0.00885266  0.00715922
  0.00605501  0.00575505  0.01372365  0.008195    0.01906434  0.01290341
  0.01884338  0.01231894  0.01332506  0.00964448  0.01472911  0.00856225]
[ 0.24929146  0.21922554  0.31989852  0.20590279  0.07860166  0.04801565
  0.07964535  0.03864033  0.03715951  0.05068951  0.07666633  0.05629685
  0.06368169  0.08410292  0.10437594  0.06549766  0.06261656  0.03466708
  0.06298456  0.04562743  0.01451071  0.01284532  0.03466785  0.01492114
  0.00349017  0.01065504  0.01824759  0.01569429  0.01551333  0.0284048
  0.02139729  0.01525589  0.00964992  0.01034839  0.01058701  0.01035389
  0.00865105  0.00488109  0.01983627  0.00340381  0.00854243  0.01005419
  0.01606699  0.01316445  0.00998693  0.01586003  0.03053807  0.01948549
  0.01566318  0.00938478  0.01754353  0.014341    0.02754859  0.00964109
  0.01722057  0.01198118  0.01702635  0.02167759  0.02700232  0.0178063
  0.02161456  0.02698022  0.03765892  0.01796061  0.02189146  0.00831051
  0.02278421  0.01330997  0.02416788  0.01692882  0.00970036  0.00759124
  0.00550065  0.00565639  0.0137514   0.00928149  0.01870942  0.01125339
  0.01814028  0.01367343  0.01420758  0.00986448  0.0141664   0.00911611]
[ 0.24130102  0.22908156  0.32211101  0.20147279  0.07589678  0.04582974
  0.07317795  0.04196861  0.0388888   0.05588643  0.07657428  0.05862281
  0.06002826  0.09048858  0.11156724  0.05777799  0.05875321  0.03457754
  0.06551402  0.04289379  0.01358361  0.01123514  0.03170844  0.01809556
  0.00372597  0.00997319  0.01562101  0.01696706  0.01191576  0.02882509
  0.02115326  0.01125462  0.01024551  0.01008263  0.01302876  0.01097012
  0.01029028  0.00402803  0.02052736  0.00359183  0.00865664  0.01205138
  0.01598187  0.01601866  0.00948848  0.01620612  0.03083691  0.01899743
  0.01554069  0.01071701  0.01828373  0.0145868   0.02573341  0.00974516
  0.0141908   0.01269514  0.01731974  0.02521121  0.02907622  0.01786239
  0.020856    0.02911228  0.04360983  0.01708627  0.01939408  0.00724401
  0.02153006  0.01091745  0.02232152  0.01707766  0.00811398  0.00639493
  0.00652591  0.00606554  0.0138721   0.00727589  0.01883935  0.01395954
  0.01903946  0.01106007  0.01205222  0.00959376  0.01487797  0.00770185]
[ 0.24169062  0.2292866   0.32672337  0.19650277  0.07644668  0.04929546
  0.07813315  0.03418503  0.03716684  0.05469768  0.08412459  0.05508621
  0.06198253  0.08832213  0.10938647  0.06504944  0.05932828  0.03578959
  0.05903338  0.04239939  0.01401038  0.01292997  0.03407332  0.01392281
  0.0033584   0.01081936  0.01965984  0.01507637  0.0143543   0.02895691
  0.02192377  0.01385108  0.00847977  0.00971074  0.00920127  0.00917936
  0.00928002  0.00482935  0.01990359  0.00288959  0.00790778  0.01144386
  0.01858515  0.01372639  0.01031803  0.01902575  0.03345171  0.02069415
  0.01561074  0.00944325  0.01643556  0.01402053  0.02707712  0.01085872
  0.01642207  0.01040906  0.01775545  0.02281152  0.02996082  0.01712837
  0.02220335  0.02824513  0.03997229  0.01867727  0.02163035  0.00942971
  0.02214144  0.01260715  0.02272394  0.01687653  0.00938338  0.0062424
  0.00567065  0.00638065  0.01426956  0.0089599   0.01720653  0.01070179
  0.01712775  0.01292641  0.01233522  0.01021385  0.01333135  0.0077525 ]
[ 0.22641012  0.24841629  0.33289307  0.18590117  0.0714457   0.04649486
  0.06767087  0.0374197   0.03980126  0.06425183  0.08704771  0.05812832
  0.0557254   0.09977181  0.1223871   0.05311863  0.05209904  0.03611438
  0.06125956  0.03691393  0.01239416  0.01051459  0.02932592  0.01834318
  0.00366309  0.00984929  0.0162431   0.01675931  0.00840401  0.02982321
  0.02176868  0.00718552  0.00890546  0.00904446  0.01234765  0.00963465
  0.0120327   0.00351004  0.02098284  0.00296448  0.00782091  0.01505365
  0.01948987  0.01830033  0.00969555  0.02085256  0.03510311  0.02044788
  0.0154028   0.01149447  0.01710685  0.01426294  0.0241214   0.01151716
  0.01148384  0.01084977  0.01850134  0.02865422  0.03433168  0.01693528
  0.02129091  0.03200892  0.04997768  0.01764117  0.01772293  0.00826653
  0.01996904  0.00867789  0.01932138  0.01708154  0.00683925  0.00386804
  0.00730057  0.0073007   0.01466604  0.00577597  0.01678697  0.0145931
  0.01808014  0.00864294  0.00828651  0.00994539  0.01407116  0.00504043]
[ 0.2463661   0.22363149  0.32619962  0.19824798  0.07809766  0.05112309
  0.08267518  0.03099291  0.03588753  0.05150405  0.08541077  0.05316618
  0.06441034  0.08428272  0.10487973  0.0706925   0.061652    0.03603921
  0.05651509  0.04389643  0.01461518  0.0141361   0.03616761  0.01140918
  0.00316227  0.01135109  0.02183541  0.014033    0.01682895  0.02873585
  0.02219045  0.01658452  0.00784765  0.00980338  0.0071669   0.00853124
  0.00816892  0.00545257  0.01940284  0.00266639  0.00771956  0.01019192
  0.01905942  0.01170468  0.01074119  0.01928647  0.03370626  0.02125293
  0.01569288  0.00846631  0.01570652  0.01378618  0.02834423  0.01098051
  0.01853515  0.00962364  0.01765727  0.02038013  0.0289083   0.01697612
  0.02286121  0.02687295  0.03594356  0.01944173  0.02343697  0.01040221
  0.02296515  0.01426399  0.02385532  0.01675778  0.0105063   0.00690797
  0.00493922  0.00619596  0.0142648   0.01039249  0.01686488  0.00860786
  0.01629658  0.01473956  0.01362544  0.01047137  0.01266807  0.00857705]
[ 0.21277505  0.26739597  0.35154742  0.16199462  0.06814767  0.05335329
  0.07126031  0.01907562  0.03759007  0.07017159  0.11067626  0.05130699
  0.05508975  0.10482091  0.12888967  0.06167989  0.04672547  0.03976841
  0.04553664  0.03027062  0.01201489  0.01286184  0.03127555  0.01109482
  0.00294306  0.01124822  0.02408839  0.01316707  0.00939876  0.03102051
  0.02374352  0.00792712  0.00444744  0.00737785  0.00482475  0.00513615
  0.01189736  0.00444914  0.02030213  0.00110063  0.00567282  0.01685365
  0.0275375   0.01638391  0.01138324  0.03038424  0.04390125  0.02488834
  0.01539576  0.00995748  0.01265799  0.01293517  0.02498056  0.01522084
  0.01288144  0.00497173  0.02042052  0.02766299  0.04097779  0.01472587
  0.02412696  0.0332414   0.04958098  0.02102987  0.02012656  0.01317239
  0.01956333  0.00955373  0.01715544  0.01672441  0.00788975  0.00116196
  0.00651176  0.00905504  0.01614341  0.00735359  0.01188173  0.00935793
  0.01372674  0.00966478  0.00516935  0.01139643  0.01051957  0.0025694 ]
[ 0.23421578  0.23935701  0.33464774  0.18592626  0.07443482  0.05141705
  0.07783806  0.02784557  0.03675333  0.05839911  0.09339783  0.05301619
  0.06076786  0.0919948   0.11384378  0.06638008  0.05619386  0.03720377
  0.05351442  0.03906361  0.01361638  0.01342847  0.03405914  0.01190876
  0.00313733  0.0111898   0.02205341  0.0139989   0.01379592  0.02953899
  0.02263642  0.01308649  0.00688284  0.00898478  0.00688576  0.00757195
  0.00965955  0.00497366  0.0198182   0.00220582  0.00709269  0.01267942
  0.02172932  0.01372586  0.01085052  0.02286772  0.03699257  0.02231256
  0.01557563  0.00919019  0.01488042  0.01356296  0.02693596  0.01234354
  0.0161721   0.00828462  0.01858808  0.02335442  0.03312353  0.0162738
  0.02311903  0.02929299  0.04138732  0.01977984  0.0219168   0.01107853
  0.02165068  0.01232012  0.02138421  0.0167753   0.0093779   0.00486175
  0.00563094  0.00717898  0.01488275  0.00905116  0.01531067  0.00935628
  0.01565214  0.01263852  0.01053961  0.01071334  0.01212171  0.0064068 ]
[ 0.2381684   0.23296875  0.32313818  0.19956051  0.0748505   0.04508646
  0.07079949  0.04301548  0.03951133  0.05789218  0.0767936   0.05941883
  0.05865607  0.09292924  0.11432461  0.05498492  0.05725169  0.03458332
  0.06629051  0.04180083  0.01323306  0.01065859  0.03062338  0.01920407
  0.00380636  0.00973339  0.01472364  0.01740415  0.01058196  0.02899502
  0.02108327  0.00976722  0.01042023  0.00996542  0.01386051  0.01115211
  0.01090144  0.00371931  0.02077832  0.00364208  0.00867626  0.0128171
  0.01603647  0.01706476  0.00932033  0.0164378   0.03104306  0.01886271
  0.01549483  0.01119839  0.01851259  0.01466441  0.02506426  0.00982382
  0.01307352  0.01289884  0.01744999  0.02652115  0.02992264  0.01785962
  0.02060297  0.02992231  0.04582954  0.0167959   0.01848656  0.00689811
  0.021057    0.01003272  0.02160825  0.01712945  0.00753239  0.00591879
  0.0069006   0.00623729  0.01393308  0.00654329  0.01883523  0.01491468
  0.01932875  0.01009437  0.01121326  0.00950817  0.01510576  0.00714677]
[ 0.22407278  0.252617    0.34261194  0.17463847  0.07145783  0.05231128
  0.07469626  0.02374612  0.03715977  0.0639744   0.10152289  0.05222978
  0.0580702   0.09807449  0.12097342  0.0641119   0.05171213  0.03840921
  0.04978153  0.03490796  0.01285629  0.01314994  0.03272792  0.01154974
  0.00304773  0.01121217  0.02299077  0.01361723  0.01170109  0.03023887
  0.02315525  0.01063018  0.00574197  0.00822708  0.00593478  0.00643105
  0.01072422  0.0047206   0.02005095  0.00168748  0.0064258   0.01465743
  0.02446017  0.01499725  0.01109731  0.0264052   0.04024384  0.02352025
  0.01549012  0.00956101  0.01384078  0.01326956  0.02600279  0.01369746
  0.01460189  0.00673197  0.01945204  0.02540711  0.03683277  0.01554625
  0.02358737  0.03116581  0.04528519  0.02036117  0.02105619  0.01205526
  0.02065965  0.01100123  0.01938167  0.01675248  0.00866618  0.00311285
  0.00605285  0.00806432  0.01547652  0.00823781  0.01369907  0.00937731
  0.01475338  0.01122046  0.00799794  0.01103256  0.01137358  0.00459156]
[ 0.24699883  0.22273731  0.32524157  0.19945885  0.07824253  0.05073909
  0.08241781  0.03199331  0.03602219  0.05124765  0.08416661  0.05354971
  0.06440507  0.08408472  0.10461379  0.07016028  0.0618938   0.03584601
  0.05736912  0.04421699  0.01462531  0.01399554  0.03603369  0.01182417
  0.00320265  0.01127026  0.02139481  0.01423548  0.0167385   0.02867731
  0.02208396  0.01650312  0.00808851  0.00988825  0.00758858  0.00877445
  0.00819341  0.00539413  0.01944598  0.00276644  0.00783379  0.01011838
  0.01863511  0.01183574  0.01064711  0.01878865  0.03324652  0.02101414
  0.01569195  0.00856129  0.01594843  0.01385864  0.0282798   0.01078675
  0.01842952  0.00994047  0.0175594   0.02046972  0.02858059  0.01709296
  0.02270395  0.02683069  0.03602747  0.01925418  0.02328405  0.0101328
  0.02297321  0.01419256  0.02394972  0.01677815  0.01043422  0.00703767
  0.00499159  0.006108    0.01418835  0.01028823  0.01712434  0.00891197
  0.01653515  0.01465811  0.01376661  0.01039216  0.01286247  0.00869207]
[ 0.22677103  0.24918613  0.34115803  0.17691094  0.07230864  0.05254644
  0.07618544  0.02376341  0.03682103  0.06235954  0.10042409  0.05195693
  0.05903795  0.09619593  0.11881907  0.06568626  0.05295881  0.03825861
  0.04987931  0.03592505  0.01311222  0.01345165  0.03339476  0.01107942
  0.00302142  0.01132069  0.02329214  0.01346125  0.01257705  0.03007414
  0.02312406  0.01162178  0.0058009   0.00837445  0.00566553  0.0064866
  0.01030999  0.00489491  0.01990594  0.00172777  0.00649853  0.0140594
  0.02409973  0.01435583  0.01114506  0.0258636   0.03974922  0.02343456
  0.01552189  0.00929214  0.01386216  0.01326956  0.02642779  0.01349482
  0.01531301  0.00682797  0.01928559  0.02454739  0.03598485  0.01563681
  0.02364731  0.03056013  0.04377689  0.02042457  0.0215829   0.0120959
  0.02100077  0.0115736   0.01995838  0.01673125  0.00902338  0.0035484
  0.00582721  0.00787599  0.01537536  0.00867755  0.01389874  0.00893153
  0.01472943  0.01184257  0.00869913  0.01103311  0.01135968  0.00507187]
[ 0.21145166  0.26921037  0.35316709  0.15988402  0.06781067  0.05388312
  0.07142107  0.01760338  0.03744168  0.07078397  0.11266445  0.05078335
  0.05495624  0.10538597  0.12959479  0.06223201  0.04618829  0.04007423
  0.0442677   0.02965122  0.01196265  0.01302429  0.03137498  0.01055379
  0.00288757  0.01135112  0.02469169  0.01289236  0.0094038   0.03113056
  0.02390452  0.00790199  0.00408498  0.00723166  0.00424456  0.00477074
  0.01192185  0.00450957  0.02025992  0.00094776  0.00549439  0.01704898
  0.02821348  0.01628497  0.01151448  0.03119466  0.04464885  0.02525167
  0.01539249  0.00985719  0.01229947  0.01282872  0.02501319  0.01553507
  0.01293283  0.00449226  0.02058859  0.02765685  0.04158298  0.014541
  0.02434923  0.03339188  0.04967783  0.02129616  0.02027435  0.01356226
  0.0195017   0.00957513  0.01693259  0.01669759  0.0079435   0.00090785
  0.00646776  0.00921176  0.01627048  0.00744256  0.01147141  0.00897622
  0.01337974  0.00969364  0.00485962  0.01151273  0.01023601  0.00233032]
[ 0.21353003  0.26578897  0.34668633  0.16752431  0.06799127  0.05024922
  0.06729855  0.02627236  0.03904066  0.07060239  0.10324811  0.05446095
  0.05368448  0.10604584  0.13001387  0.05561384  0.04670939  0.03858663
  0.05156314  0.03114754  0.01172644  0.011421    0.02936666  0.01475481
  0.00327171  0.01051146  0.02048228  0.01484903  0.00750825  0.03083069
  0.02301892  0.00593851  0.00610278  0.00778226  0.0082489   0.00681321
  0.01265937  0.00378099  0.02081838  0.00176593  0.00639459  0.01716771
  0.02498394  0.01823623  0.01063672  0.027556    0.04128161  0.0232857
  0.01534418  0.01102295  0.01437395  0.01345824  0.02391499  0.01410853
  0.01111426  0.00712303  0.01994928  0.02952433  0.03981034  0.01544129
  0.02290719  0.03379212  0.05231772  0.01958649  0.01827857  0.01117027
  0.01913955  0.00822947  0.01702202  0.01690141  0.00686481  0.00148282
  0.00720853  0.00868616  0.01573449  0.00597978  0.01347245  0.01218289
  0.01548265  0.0081979   0.00519767  0.01082389  0.01194243  0.00272107]
[ 0.24978277  0.21778674  0.3140291   0.21247429  0.07826024  0.04406992
  0.07440727  0.04769279  0.03904231  0.05150607  0.06750654  0.06031176
  0.06174897  0.08596354  0.1061567   0.05759734  0.0623844   0.03320568
  0.07055086  0.04655792  0.01410425  0.01098108  0.03215261  0.01960632
  0.00390817  0.00970956  0.01365893  0.01783715  0.01298566  0.02819395
  0.02049086  0.01258514  0.01172276  0.01083219  0.01494127  0.01245463
  0.00968028  0.00401075  0.0205105   0.00423409  0.00943825  0.01055103
  0.01291521  0.01560419  0.0090395   0.01239342  0.02732596  0.01748351
  0.01559288  0.01077112  0.01969904  0.01499915  0.02613557  0.00827596
  0.01487611  0.01467176  0.01646169  0.02416578  0.0256775   0.01869109
  0.02006959  0.02777614  0.04135887  0.01613366  0.01947667  0.00578441
  0.022193    0.0115464   0.02390196  0.01715515  0.00834999  0.00792092
  0.00641572  0.00522426  0.01325407  0.00747812  0.02067703  0.01488371
  0.02035376  0.01172197  0.01412401  0.00914398  0.01595909  0.0092253 ]
[ 0.24726839  0.22080876  0.31417865  0.21168093  0.07736068  0.04299303
  0.07183478  0.0496228   0.03977614  0.05324973  0.06660363  0.06144015
  0.06039363  0.08818778  0.10863157  0.05436959  0.06112393  0.03303763
  0.07208311  0.04577041  0.01376832  0.01028721  0.03096418  0.02107058
  0.00402361  0.00940085  0.01237947  0.01844944  0.01159149  0.02830857
  0.02032621  0.01104793  0.01211132  0.01079314  0.01613913  0.01285246
  0.01030385  0.00365432  0.02079631  0.00437352  0.00956027  0.01123858
  0.0125874   0.0167517   0.00878939  0.0121738   0.02711546  0.01713617
  0.01554691  0.01133033  0.02014183  0.01514069  0.02541901  0.00817915
  0.01368141  0.01515716  0.0165019   0.02553569  0.02621593  0.01879344
  0.01967912  0.02853543  0.04361914  0.01567921  0.01844591  0.00520169
  0.02173463  0.01061135  0.02328478  0.01722444  0.00771274  0.00756889
  0.00683161  0.00531421  0.01324533  0.0066633   0.02090629  0.01609729
  0.02085304  0.01069821  0.01342518  0.0089885   0.01635811  0.00878239]
[ 0.23740965  0.23466215  0.32856339  0.1934101   0.07505549  0.04859022
  0.07531169  0.03491116  0.0378662   0.05735226  0.08512183  0.0558576
  0.06027151  0.09148602  0.11298547  0.06186984  0.05731208  0.03590912
  0.05950684  0.04084776  0.0135666   0.01229147  0.03279576  0.01506627
  0.00343534  0.01056679  0.01879502  0.01550465  0.01274075  0.02920321
  0.02189825  0.01204041  0.008558    0.00951498  0.00999513  0.00926531
  0.01002923  0.00447769  0.02019201  0.00289419  0.00786588  0.01244312
  0.01890003  0.01495694  0.01016266  0.01960457  0.0339765   0.02066468
  0.015554    0.00998935  0.01658081  0.01407534  0.02627871  0.01106962
  0.01508782  0.01047933  0.01797505  0.02439578  0.03120865  0.01705699
  0.02197869  0.02928155  0.04269629  0.01842358  0.02058561  0.00915425
  0.02154582  0.0115435   0.02177807  0.01692939  0.00869879  0.00557222
  0.00610826  0.00664633  0.01439017  0.00810537  0.01705055  0.01171811
  0.01735044  0.01176745  0.01120514  0.01015298  0.01350289  0.00699226]
[ 0.24274904  0.2276933   0.32444921  0.19926614  0.07662953  0.04817518
  0.07704249  0.03694281  0.03762509  0.05440186  0.08096982  0.05621482
  0.06172103  0.08825485  0.10920201  0.06317815  0.05967772  0.03529459
  0.06136647  0.04302493  0.01397305  0.01246489  0.03353335  0.01518866
  0.00347661  0.01056849  0.01836642  0.01567525  0.01388101  0.02883731
  0.02163771  0.01337324  0.00912977  0.00990746  0.01043426  0.0098367
  0.00945335  0.00462349  0.0200597   0.00315556  0.00820461  0.01139341
  0.01750557  0.01425197  0.01004609  0.01778943  0.03230858  0.02005667
  0.01560007  0.00977411  0.01709804  0.0142206   0.02679075  0.01037544
  0.01594894  0.01125934  0.01752771  0.02327829  0.0292724   0.01742786
  0.02175387  0.02828303  0.04058892  0.01814324  0.0210737   0.00867547
  0.02207663  0.01226386  0.0228374   0.01693819  0.00909321  0.00648936
  0.00587281  0.00618583  0.01408429  0.00855983  0.01787195  0.01165523
  0.01779259  0.01254276  0.01254606  0.009995    0.01387165  0.00794752]
[ 0.23177171  0.2420678   0.33323219  0.18687002  0.07342217  0.04925945
  0.07380315  0.03224187  0.03800818  0.06040332  0.09002487  0.05524503
  0.05886307  0.0947703   0.11685465  0.06096249  0.05484075  0.03664106
  0.05710609  0.03850569  0.01316367  0.0122195   0.03216963  0.01466077
  0.00336729  0.01062089  0.01951649  0.01519878  0.01169235  0.02960004
  0.02222552  0.01079816  0.00783483  0.00907409  0.00927645  0.0085409
  0.01057333  0.00437597  0.02029114  0.00257055  0.0074571   0.01351644
  0.02055118  0.01555329  0.01034112  0.02171625  0.03591847  0.02142172
  0.01550975  0.01013351  0.01591006  0.01388385  0.02582435  0.01187952
  0.01432181  0.00950091  0.01847835  0.02542259  0.03332094  0.01661511
  0.02230617  0.03028343  0.04469133  0.01882607  0.02021563  0.00980652
  0.02102317  0.01089103  0.02068098  0.01690676  0.00836428  0.0045893
  0.00630149  0.00715561  0.01474088  0.00773458  0.01607138  0.01156959
  0.01675513  0.01106836  0.00980149  0.01036152  0.01300955  0.00598232]
[ 0.25185513  0.21581319  0.31746656  0.20921613  0.079317    0.04749146
  0.08002759  0.04035299  0.03720214  0.04936337  0.07394288  0.05679948
  0.06420586  0.08273093  0.10273636  0.06545889  0.063715    0.0342552
  0.06449237  0.04673349  0.01466896  0.01277224  0.03480721  0.01536854
  0.00354442  0.01057723  0.01766352  0.01595308  0.01584191  0.02821438
  0.02119882  0.01566357  0.01009244  0.01057406  0.01115656  0.01079855
  0.00846454  0.00487761  0.01982982  0.00359635  0.00877697  0.00959953
  0.01514604  0.01303422  0.00985307  0.01471414  0.0294829   0.01903175
  0.01567911  0.00939835  0.01796715  0.01446436  0.02767302  0.00919959
  0.01743249  0.01257346  0.01676803  0.02135648  0.0259773   0.0180551
  0.02137987  0.02657461  0.03697086  0.01767623  0.02192129  0.00787424
  0.02298586  0.01350369  0.02464629  0.0169518   0.00977444  0.008052
  0.00546549  0.00540288  0.01356552  0.00934626  0.01926114  0.01152554
  0.01853324  0.01387749  0.0148342   0.00972993  0.0144897   0.00957654]
[ 0.22673239  0.2490416   0.3398456   0.17834319  0.07217839  0.05159428
  0.07485358  0.02591581  0.03728844  0.06264685  0.09830849  0.05292771
  0.05852242  0.0967468   0.11936683  0.0637162   0.05283174  0.03791965
  0.05167354  0.03608778  0.01300078  0.0129908   0.032758    0.01222104
  0.00312237  0.01108953  0.02218322  0.01397998  0.01192529  0.03003348
  0.02291024  0.01092931  0.00629059  0.00848104  0.00671684  0.00698312
  0.01057869  0.00467782  0.02007468  0.00192295  0.00670744  0.01421206
  0.02337076  0.01497316  0.01091693  0.02507018  0.03901363  0.02296327
  0.01550334  0.00963741  0.01437368  0.01342612  0.02606717  0.01318177
  0.01471432  0.00746247  0.01916086  0.02518883  0.03571857  0.01584207
  0.02327634  0.03078437  0.04474396  0.01998632  0.02097812  0.01149265
  0.02084047  0.0111211   0.01986189  0.01678632  0.00868157  0.00360172
  0.00605789  0.00778405  0.01526289  0.00822323  0.01435529  0.0098208
  0.01525736  0.01134251  0.00863884  0.01086168  0.01178693  0.00507016]
[ 0.26233914  0.20157883  0.30559561  0.22488151  0.0820718   0.04397748
  0.07969797  0.05046581  0.03804455  0.04432173  0.0597273   0.06025139
  0.06562492  0.07787701  0.09677793  0.06248768  0.06804929  0.03207818
  0.07325184  0.05151276  0.01516043  0.01181405  0.03447125  0.01883725
  0.00391154  0.00992739  0.01367969  0.01775734  0.01626244  0.02737355
  0.02007771  0.01635116  0.01261056  0.01165393  0.01499849  0.01333521
  0.0080813   0.00455347  0.02004414  0.00466644  0.01003931  0.00794831
  0.01031961  0.01337999  0.00897718  0.00887095  0.02409524  0.01649373
  0.01571809  0.00994698  0.02043874  0.01519495  0.02766988  0.00693775
  0.01744922  0.0159139   0.01552809  0.02095196  0.02138341  0.01937088
  0.01988558  0.0252272   0.03552257  0.01588167  0.02118068  0.00521973
  0.02358601  0.0136542   0.02647531  0.01712485  0.00959109  0.01002225
  0.00565022  0.00422947  0.01264084  0.00896407  0.02218085  0.01391361
  0.02090222  0.01400263  0.01732416  0.00893211  0.01642858  0.01146692]
[ 0.22486161  0.25139973  0.34071174  0.17692351  0.07157593  0.05133025
  0.07368159  0.02613294  0.03757253  0.06379461  0.09884349  0.05321981
  0.05779805  0.09810504  0.12091553  0.06241735  0.05195574  0.03798776
  0.05179687  0.03540147  0.01281187  0.01273302  0.03222891  0.01266791
  0.00315132  0.01098985  0.0218567   0.0141431   0.01124992  0.03014311
  0.02290905  0.01016962  0.00630194  0.00839044  0.007015    0.00699754
  0.01089386  0.00453414  0.02019297  0.00191585  0.00667936  0.01464203
  0.02354253  0.01548261  0.01085962  0.02536042  0.03927752  0.02297239
  0.01547938  0.00986017  0.01441334  0.01344279  0.02573476  0.01328863
  0.01415864  0.00746359  0.01926274  0.02585186  0.03627683  0.01580127
  0.02319538  0.03122725  0.04589035  0.01989582  0.02054936  0.01140033
  0.02058742  0.01067696  0.01945264  0.01680686  0.00839807  0.00330608
  0.00623854  0.00790455  0.0153209   0.00787065  0.01426574  0.01022384
  0.01533011  0.0108589   0.00814734  0.01084306  0.01184201  0.00473769]
[ 0.21378806  0.26615086  0.35129744  0.16252273  0.06849329  0.05365213
  0.07211022  0.01860442  0.03736025  0.0695067   0.11073669  0.05098998
  0.05556441  0.10399936  0.12796614  0.06270313  0.04721776  0.03978757
  0.04517489  0.03061314  0.0121349   0.01307642  0.03166509  0.01066641
  0.00291086  0.01133991  0.02444665  0.0129939   0.00986948  0.03096821
  0.02377936  0.00844991  0.00436071  0.00740906  0.00449123  0.00504665
  0.01168353  0.0045622   0.0202107   0.00107232  0.00565354  0.01659715
  0.02756508  0.01600815  0.01145163  0.03035869  0.04388036  0.02496103
  0.0154117   0.00978078  0.01255243  0.01290043  0.0252188   0.01521487
  0.01327901  0.00486667  0.02038623  0.02720061  0.04072123  0.01471404
  0.02423159  0.03296617  0.0488049   0.02115072  0.02045684  0.01332138
  0.01972589  0.00986721  0.01739154  0.01670429  0.00809857  0.00131227
  0.00637657  0.00900533  0.01613071  0.0076181   0.01185474  0.00899465
  0.01360067  0.01000733  0.00544376  0.01143468  0.01041959  0.00274859]
[ 0.21312876  0.26664203  0.34926277  0.1645932   0.06807376  0.0518939
  0.06939714  0.02245894  0.03827217  0.07037485  0.10718463  0.05278985
  0.05442867  0.10539763  0.12941915  0.05882741  0.04671735  0.0392129
  0.04836978  0.03068242  0.01187917  0.01218434  0.03037784  0.01281567
  0.00309758  0.01090181  0.02239295  0.01395787  0.0085096   0.03093135
  0.02340289  0.00699179  0.00522562  0.00756791  0.00643463  0.00592455
  0.01225579  0.00413495  0.0205449   0.00141338  0.0060121   0.01700157
  0.02633719  0.01725501  0.01103226  0.02905487  0.04266993  0.02413495
  0.0153715   0.0104585   0.01346469  0.01318108  0.02447942  0.01469801
  0.01205033  0.00598305  0.02019905  0.02853843  0.04042933  0.01506216
  0.02355349  0.03350058  0.05086826  0.02035128  0.01925755  0.01223113
  0.01936395  0.00893091  0.01709245  0.01680763  0.00740774  0.00131261
  0.00683942  0.0088817   0.01595121  0.00670753  0.01262946  0.0106862
  0.01455224  0.00897489  0.00518235  0.01112727  0.01118849  0.00264049]
[ 0.24569538  0.22394764  0.32286635  0.20174237  0.07755899  0.04843533
  0.07867324  0.03695405  0.03725357  0.05263758  0.07977753  0.05591344
  0.06277954  0.08620171  0.10684773  0.06490418  0.06103943  0.03513135
  0.06146687  0.04413491  0.01425289  0.01279596  0.03426373  0.01467108
  0.00344752  0.01068781  0.01869941  0.0155031   0.01483979  0.02865758
  0.02160442  0.01445842  0.00919238  0.01006799  0.01013654  0.0098956
  0.00900009  0.00481458  0.01990076  0.00319886  0.00828329  0.01073988
  0.01711459  0.01354942  0.01009903  0.01720087  0.03177111  0.01996478
  0.01563483  0.00947931  0.01711958  0.01422004  0.02725609  0.01015529
  0.01672753  0.01136192  0.0173464   0.02233728  0.0283475   0.01752601
  0.02182064  0.02762088  0.03893858  0.01821402  0.02165096  0.00872199
  0.02244967  0.01289044  0.02346745  0.01691481  0.00948445  0.00696475
  0.00562562  0.00598052  0.01397424  0.00904159  0.01808835  0.01116533
  0.01776456  0.01322381  0.0133119   0.0099962   0.01385496  0.00847198]
[ 0.22764549  0.24749589  0.33670518  0.18202198  0.07223177  0.04978911
  0.07275419  0.03019781  0.03809265  0.06262518  0.09370284  0.05475606
  0.05785336  0.09715194  0.11966464  0.06038029  0.05303666  0.03719108
  0.05527358  0.03678415  0.0128733   0.01218602  0.03173774  0.01431628
  0.00331326  0.01067014  0.02009095  0.0149532   0.01095193  0.02989228
  0.02247404  0.00991751  0.00728496  0.00874685  0.00870644  0.00798982
  0.0109605   0.00431054  0.02035669  0.00232545  0.0071491   0.01429591
  0.02179046  0.01596417  0.01048128  0.0232954   0.03737095  0.02199563
  0.01547814  0.01022466  0.01539764  0.01373712  0.02550672  0.01248555
  0.01378594  0.0087581   0.01885203  0.02614763  0.03487856  0.01628302
  0.0225614   0.03100762  0.04611169  0.01913902  0.01996995  0.01030923
  0.02064718  0.01043219  0.01988177  0.01688791  0.00813361  0.00386742
  0.00643336  0.00753232  0.01500235  0.00748204  0.01533545  0.01142377
  0.01629727  0.01057736  0.00877631  0.01052136  0.01263054  0.00524297]
[ 0.23409943  0.23884712  0.33018157  0.19080405  0.07399707  0.04818395
  0.07332208  0.03515717  0.03833919  0.05936617  0.08620528  0.05631237
  0.05902199  0.09385569  0.11569261  0.05969666  0.05576908  0.03605154
  0.0596098   0.03962199  0.01323924  0.01186466  0.03189982  0.01578413
  0.0034801   0.01040515  0.01828818  0.01576013  0.01158676  0.02939996
  0.02190991  0.01073972  0.0085466   0.00934768  0.01045547  0.00925889
  0.01057003  0.00423721  0.0203906   0.00286906  0.00780271  0.01319467
  0.0192511   0.01581934  0.01007586  0.02016955  0.03449111  0.02071114
  0.01551278  0.01036159  0.01661812  0.01409479  0.0257133   0.011279
  0.01414236  0.01044048  0.01816348  0.02552858  0.03221432  0.01697153
  0.0218592   0.03005137  0.04466404  0.01829151  0.01986531  0.00902958
  0.02110805  0.01078616  0.02105961  0.01696223  0.00821877  0.00504528
  0.0064133   0.00686563  0.01450012  0.00751028  0.01686262  0.01237459
  0.01744531  0.01094327  0.01033869  0.01013103  0.01357294  0.00640365]
[ 0.25992388  0.20427845  0.30433983  0.22565694  0.08108376  0.04194713
  0.07585128  0.05457926  0.03923497  0.04627397  0.05662284  0.06235018
  0.06379643  0.08056357  0.09969784  0.05734297  0.06672385  0.03155871
  0.07660847  0.05094238  0.01472462  0.01066833  0.03267132  0.02143501
  0.004128    0.00938984  0.01129123  0.01888764  0.01425226  0.0274385
  0.01969464  0.01416259  0.01349868  0.01173052  0.01724858  0.01423936
  0.00895611  0.00398585  0.02049363  0.00500585  0.01037689  0.00876
  0.00923414  0.01512061  0.0084982   0.00781904  0.0231135   0.0156641
  0.01565493  0.01084254  0.02140131  0.01549525  0.02660942  0.00651311
  0.01568389  0.01704761  0.01543329  0.02292823  0.02160838  0.01968599
  0.01912202  0.02618283  0.03868616  0.01498608  0.01956365  0.00402739
  0.02298258  0.01228964  0.02578985  0.01724888  0.00862555  0.00974662
  0.00628845  0.00421653  0.01251287  0.0077111   0.02288328  0.01600607
  0.02193559  0.01250368  0.01660013  0.00860283  0.01726012  0.0110469 ]
[ 0.20886332  0.27214441  0.35210338  0.16040511  0.0667768   0.05190801
  0.06757598  0.02155618  0.03861955  0.07282022  0.10978843  0.05282798
  0.05310284  0.1081542   0.13261458  0.05713063  0.04479097  0.0395897
  0.04748497  0.02900247  0.01151841  0.01189305  0.02957876  0.01309761
  0.00309826  0.01082362  0.02236576  0.01399439  0.00738481  0.03120926
  0.02353933  0.00570009  0.00493298  0.00729074  0.00643429  0.00563448
  0.01280375  0.00394668  0.02070636  0.00127008  0.00581175  0.01788835
  0.02720554  0.01802167  0.01104929  0.03023687  0.04375388  0.02446256
  0.01532863  0.01074469  0.01322274  0.01311742  0.02395175  0.01514685
  0.01116551  0.00557269  0.02051389  0.02964165  0.04188298  0.014835
  0.02360925  0.03437039  0.05286811  0.02042891  0.0186678   0.01241197
  0.0188879   0.00820678  0.01621667  0.01681893  0.00698     0.00059986
  0.00710361  0.00921792  0.01615745  0.00619458  0.01212699  0.01103184
  0.01437554  0.00819119  0.00409433  0.01119612  0.01103679  0.0018791 ]
[ 0.25077569  0.21650435  0.31335741  0.2134607   0.07856123  0.04405921
  0.07482094  0.04791982  0.03896507  0.0509389   0.06688371  0.06031046
  0.06205367  0.08532595  0.1054169   0.05797706  0.06283198  0.03311529
  0.0707709   0.04695038  0.01418739  0.01104531  0.03233371  0.01954958
  0.0039088   0.00972596  0.0136566   0.01783269  0.01324248  0.02812892
  0.02045742  0.01288051  0.01179473  0.01089756  0.01494956  0.01252605
  0.00955478  0.00405289  0.02047422  0.00426898  0.00948653  0.01034573
  0.01270732  0.01543048  0.00903376  0.01211199  0.02706781  0.01740354
  0.01560272  0.01070717  0.01975937  0.01501519  0.02625563  0.008169
  0.01507747  0.01477227  0.01638741  0.0239139   0.02533693  0.01874559
  0.02005371  0.02757534  0.04090074  0.01611217  0.01960928  0.00573759
  0.0223026   0.01171148  0.02410514  0.01715295  0.00844693  0.0080873
  0.006356    0.00514526  0.01320517  0.00759402  0.0207976   0.01481017
  0.02039903  0.01190055  0.0143769   0.00912661  0.01599775  0.00940258]
[ 0.23662427  0.23570454  0.32928783  0.19241768  0.07483452  0.04873615
  0.07517434  0.03441975  0.03786029  0.05776261  0.08592323  0.05571856
  0.06010317  0.09191443  0.11349574  0.06185162  0.05697388  0.03603003
  0.05907267  0.04051165  0.01351646  0.01230681  0.03274338  0.01494674
  0.00342028  0.01058708  0.01895688  0.01543335  0.01263021  0.02926088
  0.02195574  0.01190503  0.00843001  0.00944752  0.00983683  0.00913677
  0.01009043  0.00447544  0.02019656  0.00283823  0.00779727  0.01258463
  0.01917082  0.01500624  0.01020016  0.01994324  0.03428827  0.02079639
  0.01554884  0.00999047  0.01645894  0.01403997  0.02623511  0.01119999
  0.0150138   0.01030771  0.01805222  0.02450387  0.03151836  0.01698396
  0.02204486  0.02940914  0.04292169  0.01850394  0.02056725  0.00927859
  0.02148165  0.01147729  0.02163014  0.01692319  0.00867089  0.00543199
  0.00612254  0.00672253  0.01444535  0.00807861  0.01688863  0.01164838
  0.0172382   0.01169734  0.0110124   0.01019155  0.01341044  0.00685128]
[ 0.234771    0.23805815  0.33026683  0.19087839  0.07424842  0.04856068
  0.07413225  0.03443952  0.03809975  0.05887564  0.0866466   0.05592019
  0.05943111  0.0932124   0.11498304  0.06074166  0.056116    0.03612846
  0.05903192  0.03981568  0.01333909  0.01209287  0.03227615  0.01528646
  0.00343983  0.01050917  0.01873365  0.01554808  0.01201916  0.02937339
  0.02197401  0.01121399  0.00839675  0.00934791  0.01003716  0.00910593
  0.0103788   0.00435256  0.02029861  0.00281344  0.0077504   0.0129975
  0.01940759  0.01545573  0.01016402  0.02030345  0.03461708  0.02084829
  0.01552675  0.01018016  0.01645178  0.01404228  0.02593799  0.01133453
  0.01451672  0.01025112  0.01816468  0.02510361  0.03209665  0.0169248
  0.02199825  0.02982832  0.04397155  0.01845397  0.0201967   0.00924182
  0.02124507  0.01107763  0.02123274  0.01693858  0.0084206   0.00513371
  0.00628086  0.00685049  0.01451315  0.00776999  0.01675824  0.01196754
  0.01726241  0.01126283  0.01053006  0.01018866  0.01342626  0.00652146]
[ 0.2431725   0.22744156  0.32619482  0.19745423  0.07693785  0.04961672
  0.07921636  0.03375866  0.03688715  0.05375731  0.08395267  0.05474059
  0.0626156   0.08718433  0.10809864  0.06630841  0.06003507  0.03577595
  0.05872349  0.04292208  0.01417276  0.01318811  0.03456654  0.01343473
  0.00332358  0.01092545  0.02004901  0.01488613  0.01496481  0.02887515
  0.02195003  0.01453299  0.00841281  0.00976966  0.00884132  0.00910917
  0.00899932  0.00496853  0.0197902   0.00287208  0.00790522  0.01108624
  0.01853584  0.01325099  0.0103903   0.01889052  0.03333044  0.02074276
  0.01563185  0.00922645  0.01634367  0.01398882  0.02738232  0.0108114
  0.01693178  0.01033304  0.01768977  0.02221198  0.02955152  0.01713628
  0.02231121  0.02786884  0.0389525   0.01880064  0.02204054  0.00957406
  0.02236025  0.01301146  0.02305854  0.01685379  0.00964773  0.00646955
  0.00550067  0.00629638  0.01423707  0.00929212  0.01722317  0.01027821
  0.01700778  0.01336752  0.01273049  0.01024886  0.01323725  0.00801524]
[ 0.2222365   0.2550123   0.34401745  0.17263484  0.07091567  0.05244732
  0.07409177  0.02306261  0.03724596  0.06499094  0.10293578  0.05211376
  0.05756816  0.09918942  0.12227824  0.06364821  0.05089778  0.03861815
  0.04915466  0.03416046  0.01271575  0.01308708  0.03246983  0.01151566
  0.00303425  0.01120996  0.02313037  0.01356221  0.01130443  0.03036441
  0.02324334  0.01016702  0.00554879  0.00809287  0.00579115  0.00623805
  0.01092413  0.00466894  0.02009763  0.00159897  0.00631079  0.01501946
  0.02493456  0.01524399  0.0111358   0.02702379  0.04081222  0.02372602
  0.01547415  0.00963744  0.01366651  0.01322071  0.02582419  0.01393397
  0.01430159  0.0064682   0.01960499  0.02579587  0.0374967   0.01542017
  0.02366207  0.03151074  0.04601661  0.0204545   0.02088412  0.01221566
  0.020476    0.01075036  0.01901673  0.01674984  0.00852816  0.00279786
  0.00613543  0.00822202  0.01558091  0.00807836  0.01341982  0.00940517
  0.01460505  0.01095036  0.00753643  0.01108568  0.01124977  0.00426307]
[ 0.2465034   0.22319578  0.32432789  0.20033875  0.07798176  0.04985571
  0.08098384  0.03389641  0.036494    0.0517781   0.08248097  0.05445604
  0.06378312  0.08489364  0.10546711  0.06814659  0.06156817  0.03557159
  0.05894129  0.04418724  0.01448288  0.01353587  0.03535582  0.01291551
  0.00329654  0.01104701  0.0203613   0.01472151  0.0160116   0.02866946
  0.02189994  0.01572041  0.00851208  0.00995746  0.00856558  0.00920465
  0.00850217  0.0051721   0.0196202   0.0029324   0.00800635  0.01035579
  0.01805118  0.01249206  0.01043694  0.01817861  0.03267967  0.02061143
  0.01567009  0.008913    0.01639775  0.01399728  0.0278878   0.01054416
  0.01777781  0.01048594  0.01747741  0.0211847   0.02848973  0.01725924
  0.02236519  0.0271328   0.03714168  0.01885526  0.02265845  0.00959165
  0.02277295  0.01369401  0.02376569  0.01683054  0.01007047  0.00701044
  0.00523443  0.00605877  0.01410604  0.00981074  0.0174945   0.00977565
  0.01700675  0.01410894  0.01359337  0.01024026  0.01324319  0.00860846]
[ 0.2361529   0.23585176  0.32642913  0.19544053  0.07441024  0.04647994
  0.07185452  0.03944246  0.03899937  0.05866151  0.08113921  0.05802359
  0.05876288  0.0934659   0.11507894  0.05702978  0.0565011   0.03525995
  0.06324781  0.04074789  0.01322013  0.01118825  0.03116256  0.01767849
  0.00365968  0.01003206  0.01632535  0.01666646  0.01098481  0.02918922
  0.02146093  0.01014827  0.00956495  0.00967557  0.01232933  0.01028814
  0.01077628  0.003944    0.02061101  0.00328823  0.00827472  0.01302551
  0.01751983  0.01653811  0.00966081  0.01816736  0.03264078  0.01970817
  0.01550103  0.01083456  0.01765015  0.01440549  0.02533314  0.01049772
  0.01351561  0.0117755   0.01778454  0.02612287  0.03101647  0.01745038
  0.0211703   0.03001823  0.04539255  0.01747182  0.01908086  0.00786446
  0.02105922  0.01033999  0.02132339  0.01705475  0.00782241  0.00549495
  0.00669298  0.00653448  0.01419705  0.00695578  0.01792631  0.01378752
  0.01847412  0.01044197  0.0107726   0.00979126  0.01440988  0.00677945]
[ 0.24648325  0.22251515  0.31947657  0.20566376  0.07754482  0.0463938
  0.07619333  0.04174677  0.03818341  0.05275363  0.07471643  0.0579842
  0.06194636  0.08681855  0.10736836  0.06103244  0.06116053  0.03432871
  0.06548905  0.04482621  0.01408792  0.01186869  0.03306348  0.01705782
  0.00366352  0.01020883  0.01633068  0.01660629  0.01367388  0.0285138
  0.02111875  0.01323943  0.01030057  0.01035279  0.01238754  0.01101789
  0.00946357  0.00438822  0.0202291   0.00364601  0.00877146  0.01088573
  0.01537658  0.01471469  0.00960712  0.01526085  0.02997492  0.01888884
  0.01560385  0.01016016  0.01826416  0.01456824  0.02659168  0.0093934
  0.0156263   0.01280419  0.0170151   0.02348549  0.02748069  0.01801184
  0.02101498  0.02792347  0.04060097  0.01725985  0.02047643  0.00739348
  0.02220362  0.01206939  0.0234396   0.0170304   0.00883991  0.00722439
  0.00606561  0.00571504  0.01369132  0.00817354  0.01916841  0.01299878
  0.01893095  0.01231308  0.01340488  0.00961512  0.01480069  0.00862372]
[ 0.24557345  0.2243491   0.32462841  0.19977589  0.07767076  0.04963193
  0.08027344  0.03421428  0.03668033  0.05237441  0.08253905  0.05469553
  0.06337412  0.08561991  0.10628738  0.06731102  0.06112206  0.03557218
  0.05917772  0.04386337  0.01437846  0.0133632   0.03503164  0.01324833
  0.00332074  0.01097506  0.02009127  0.01485296  0.01561353  0.02871977
  0.02187846  0.01527662  0.00856557  0.00992302  0.00881595  0.00926032
  0.00868446  0.00507974  0.01969525  0.00294796  0.00801287  0.01058357
  0.01806497  0.01280461  0.01038627  0.01824475  0.03273842  0.02056988
  0.01565642  0.00905703  0.01646737  0.01402084  0.02768799  0.01056647
  0.01744419  0.01054851  0.01751566  0.02157564  0.02874008  0.01725911
  0.02228886  0.02737397  0.03780374  0.01876761  0.02238707  0.00948698
  0.022632    0.0134299   0.02355366  0.01684609  0.00989671  0.00686929
  0.00534641  0.00610944  0.01412376  0.00959178  0.01749479  0.01006211
  0.01709436  0.01382064  0.01334414  0.01021429  0.01331222  0.00844369]
[ 0.24859725  0.22103144  0.32662845  0.19833504  0.07894562  0.0524783
  0.08550987  0.02837365  0.03504154  0.04984553  0.08710964  0.05175767
  0.0658243   0.08208834  0.10246591  0.07437692  0.0628165   0.036332
  0.05439916  0.04452055  0.01495866  0.0149441   0.03748634  0.00963187
  0.00301747  0.01172174  0.02343597  0.01327213  0.0183353   0.02865227
  0.0224268   0.01823425  0.00729626  0.00979225  0.00566281  0.00796876
  0.00750492  0.00585923  0.01907903  0.00246021  0.00752286  0.00952114
  0.01965951  0.01043029  0.01105892  0.01981879  0.03420584  0.02176016
  0.01574129  0.00782628  0.01509803  0.01359463  0.0291294   0.01119949
  0.01984314  0.0089251   0.01767513  0.01889956  0.02854778  0.01679831
  0.02336357  0.02610839  0.03353967  0.0200292   0.02460316  0.01117312
  0.02343735  0.01528084  0.02444014  0.01667324  0.01121358  0.00719525
  0.00447438  0.00615601  0.01432053  0.01130422  0.01646795  0.00715912
  0.01563133  0.01585486  0.01426672  0.01068153  0.01213414  0.00896789]
[ 0.22800635  0.24733377  0.33855349  0.18008155  0.07252645  0.0512743
  0.07496135  0.02690185  0.03733863  0.06200442  0.0968215   0.05323811
  0.05875145  0.09609788  0.11858449  0.06357482  0.05337074  0.03769359
  0.0525354   0.03664853  0.01307266  0.01292586  0.03278793  0.01251453
  0.00315564  0.01103646  0.02182372  0.01414097  0.01204849  0.02993616
  0.02279817  0.01108937  0.00654124  0.0086      0.00706554  0.00723527
  0.01050248  0.00466264  0.02008193  0.0020309   0.00683715  0.01399516
  0.02286709  0.01494658  0.01083615  0.02445052  0.03844272  0.02270816
  0.01551012  0.00966557  0.01461629  0.01349724  0.02610678  0.01294256
  0.01478274  0.00779666  0.01902452  0.02506871  0.03519175  0.01597866
  0.02313651  0.03059632  0.04446132  0.01981759  0.02095549  0.01123807
  0.02093093  0.0111895   0.02009409  0.01680117  0.00869727  0.00383442
  0.00605468  0.00765213  0.01516338  0.00822732  0.01465826  0.0100114
  0.01548571  0.01141311  0.00894708  0.01078407  0.01197436  0.00529929]
[ 0.25149104  0.21660128  0.31990126  0.20645006  0.07940043  0.04905278
  0.08202707  0.03673631  0.03647121  0.04913769  0.07766972  0.05521287
  0.0649176   0.08210465  0.10215913  0.0685164   0.06373017  0.03484826
  0.06146426  0.04629857  0.01481538  0.01349806  0.03577032  0.01352651
  0.0033791   0.01094811  0.01947751  0.01510691  0.01679699  0.02830884
  0.02156279  0.0166686   0.00926087  0.01037166  0.00943419  0.00995605
  0.00807923  0.00521438  0.01956955  0.00326223  0.00841465  0.00943829
  0.0164273   0.01209968  0.01022851  0.01613242  0.03079661  0.01983668
  0.01570521  0.00886137  0.0171049   0.01420149  0.02821095  0.00975744
  0.01832465  0.01149285  0.01700391  0.02041617  0.02655919  0.01769607
  0.02199321  0.02629439  0.03558691  0.01840198  0.022853    0.00888065
  0.02320077  0.01417246  0.02471662  0.01686272  0.01029156  0.00789323
  0.00511404  0.00558719  0.01377045  0.01003918  0.01846284  0.0101033
  0.01765066  0.01461822  0.01482395  0.01001767  0.01377455  0.00950305]
[ 0.25217193  0.2147869   0.31300372  0.21419863  0.07903679  0.04446459
  0.0759834   0.04728511  0.03865148  0.05002427  0.06695241  0.05988016
  0.06270445  0.0841972   0.10414754  0.05937405  0.06350975  0.03313936
  0.07028459  0.04742368  0.01435205  0.01133794  0.03286631  0.01896688
  0.00386511  0.00985077  0.01414283  0.01759754  0.01388689  0.02805654
  0.02050535  0.01359643  0.01167855  0.01094131  0.01449704  0.0124061
  0.00926185  0.00420725  0.02034935  0.0042313   0.00946139  0.00999319
  0.01274031  0.01491673  0.00912647  0.01207129  0.02703392  0.01750049
  0.01562457  0.01046595  0.0196174   0.01496838  0.02658156  0.00815862
  0.01562142  0.01463182  0.01633928  0.02328091  0.02498141  0.01873069
  0.02019539  0.02719747  0.03983755  0.01627574  0.02006041  0.00593883
  0.02252558  0.01214052  0.02442995  0.01712559  0.00873244  0.00829487
  0.00617123  0.0050761   0.01318689  0.00795553  0.02076356  0.01431551
  0.02022889  0.01236933  0.01475476  0.00917815  0.01586287  0.00964958]
[ 0.2428198   0.22745593  0.32339624  0.20044075  0.07656197  0.04745912
  0.07608395  0.03858187  0.03796831  0.05456061  0.07931861  0.05694367
  0.06136453  0.08860444  0.109539    0.06173697  0.05962728  0.03503098
  0.06273589  0.04318656  0.01389772  0.01212529  0.0330734   0.0160402
  0.00355247  0.01039656  0.01753349  0.01606432  0.0134174   0.02880024
  0.02147379  0.01288295  0.00950471  0.00999407  0.01122453  0.01021672
  0.00964251  0.00446472  0.02018276  0.00330563  0.00836633  0.01148742
  0.0169373   0.01469808  0.00987422  0.01716536  0.03173029  0.01969474
  0.01558713  0.01002696  0.01748821  0.01433978  0.02653202  0.01012962
  0.01551962  0.01174589  0.01742659  0.02373464  0.02903823  0.01758746
  0.02147371  0.02843123  0.04126906  0.01781199  0.02063289  0.00821778
  0.02196728  0.01194066  0.02278536  0.01697931  0.00884628  0.00654612
  0.00604003  0.00610885  0.01399492  0.00823031  0.01822689  0.0123156
  0.01819355  0.0121852   0.01252619  0.00986453  0.01419635  0.00796405]
[ 0.21386519  0.26612881  0.35177925  0.16201267  0.06856396  0.05403132
  0.07266726  0.01775986  0.03716898  0.06935683  0.11154197  0.05060261
  0.05578901  0.10373997  0.12770163  0.06351266  0.04729627  0.03991717
  0.04447278  0.03057261  0.01218452  0.01326426  0.03193037  0.01020745
  0.00287063  0.01143315  0.0248889   0.01278668  0.01014546  0.03098039
  0.02386259  0.00874452  0.00416982  0.0073706   0.00407234  0.00485301
  0.01156854  0.00465142  0.02014113  0.00099662  0.0055732   0.01652349
  0.02784298  0.01575107  0.01154228  0.03065773  0.04415777  0.02514407
  0.01541972  0.00963906  0.01235212  0.01283897  0.02537013  0.01533312
  0.01353036  0.00461979  0.02043137  0.02692906  0.0408063   0.01463554
  0.0243786   0.03286423  0.04839062  0.02132422  0.02070636  0.01355913
  0.01979665  0.010058    0.01744266  0.01668219  0.00824095  0.00130134
  0.00628083  0.0090371   0.01617254  0.00780655  0.01168011  0.00863531
  0.01339287  0.01021793  0.00548352  0.01150198  0.01025155  0.00276029]